,Class,Label,Id,Object_Position,Object_Dimensions,2D_Bounding_Box,3D_Bounding_Box,Distance_From_Camera,Camera_Position
0,Person,Person,7,[-6.94509077  3.04333735 -3.59552383],[1.63950002 5.62508678 1.63950014],"[[575. 221.]
 [653. 221.]
 [653. 534.]
 [575. 534.]]","[[-7.7722993   5.8475604  -2.7801495 ]
 [-7.772369    5.847807   -4.4196496 ]
 [-6.1328692   5.846836   -4.419719  ]
 [-6.1327996   5.8465896  -2.7802181 ]
 [-7.77563     0.22247455 -2.780995  ]
 [-7.7756996   0.22272095 -4.420495  ]
 [-6.1361995   0.22175042 -4.420564  ]
 [-6.1361303   0.22150382 -2.7810638 ]]",7.820618738697431,"8ED3EE0
0.999939 0.011028 0.000019 -5.999838
-0.011019 0.999171 -0.039188 2.833371
-0.000451 0.039185 0.999232 6.000209
0.000000 0.000000 0.000000 1.000000
"
1,Person,Person,8,[-3.08749151  2.83169413 -6.57362127],[1.80990541 5.69119024 1.80990458],"[[739. 266.]
 [816. 266.]
 [816. 506.]
 [739. 506.]]","[[-3.9843292   5.668251   -5.6743007 ]
 [-3.9844058   5.668523   -7.4842052 ]
 [-2.1745      5.667452   -7.484282  ]
 [-2.1744242   5.667179   -5.6743765 ]
 [-3.9876988  -0.02293821 -5.6751556 ]
 [-3.9877748  -0.022666   -7.485061  ]
 [-2.1778698  -0.02373763 -7.485138  ]
 [-2.1777935  -0.02400984 -5.6752324 ]]",7.262582218459904,"8ED3EE0
0.999939 0.011028 0.000019 -5.999838
-0.011019 0.999171 -0.039188 2.833371
-0.000451 0.039185 0.999232 6.000209
0.000000 0.000000 0.000000 1.000000
"
2,Person,Person,9,[-8.79283142  2.80274987 -6.59454823],[1.88637292 5.59591722 1.88637304],"[[488. 273.]
 [568. 273.]
 [568. 508.]
 [488. 508.]]","[[-9.7403278e+00  5.5910869e+00 -5.6594629e+00]
 [-9.7404070e+00  5.5913701e+00 -7.5458360e+00]
 [-7.8540349e+00  5.5902538e+00 -7.5459156e+00]
 [-7.8539553e+00  5.5899701e+00 -5.6595430e+00]
 [-9.7436409e+00 -4.8291893e-03 -5.6603045e+00]
 [-9.7437210e+00 -4.5460276e-03 -7.5466776e+00]
 [-7.8573480e+00 -5.6634196e-03 -7.5467572e+00]
 [-7.8572688e+00 -5.9465808e-03 -5.6603847e+00]]",10.990994072125709,"8ED3EE0
0.999939 0.011028 0.000019 -5.999838
-0.011019 0.999171 -0.039188 2.833371
-0.000451 0.039185 0.999232 6.000209
0.000000 0.000000 0.000000 1.000000
"
3,Person,Person,6,[-1.00012636  2.99202681 -9.3169651 ],[1.68793392 6.24244833 1.68793678],"[[795. 273.]
 [852. 273.]
 [852. 488.]
 [795. 488.]]","[[ -1.8415756    6.104559    -8.470467  ]
 [ -1.8416471    6.104812   -10.158403  ]
 [ -0.15371351   6.103813   -10.158475  ]
 [ -0.15364194   6.103559    -8.470539  ]
 [ -1.8452711   -0.13788797  -8.471405  ]
 [ -1.8453428   -0.13763393 -10.15934   ]
 [ -0.15740946  -0.13863322 -10.159412  ]
 [ -0.15733789  -0.13888724  -8.4714775 ]]",9.370490460641062,"8ED3EE0
0.999939 0.011028 0.000019 -5.999838
-0.011019 0.999171 -0.039188 2.833371
-0.000451 0.039185 0.999232 6.000209
0.000000 0.000000 0.000000 1.000000
"
