,Class,Label,Id,Object_Position,Object_Dimensions,2D_Bounding_Box,3D_Bounding_Box,Distance_From_Camera,Camera_Position
0,Person,Person,0,[-7.1144352   2.88680911 -3.5654676 ],[1.83222294 6.02766752 1.83222318],"[[184. 103.]
 [357. 103.]
 [357. 674.]
 [184. 674.]]","[[-8.034311    5.881853   -2.6415827 ]
 [-8.034588    5.8830853  -4.4738054 ]
 [-6.2023644   5.8833447  -4.474082  ]
 [-6.2020884   5.882112   -2.6418593 ]
 [-8.033459   -0.14581296 -2.6456375 ]
 [-8.033736   -0.14458059 -4.4778595 ]
 [-6.2015123  -0.14432147 -4.4781365 ]
 [-6.201236   -0.14555386 -2.6459136 ]]",7.957873292249473,"2F31CEE0
0.999796 0.020217 0.000156 -2.998859
-0.020200 0.999213 -0.034136 2.833330
-0.000846 0.034125 0.999417 2.000505
0.000000 0.000000 0.000000 1.000000
"
1,Person,Person,7,[-3.22087908  2.8293035  -6.51448965],[1.81466198 5.84422064 1.81466341],"[[582. 203.]
 [692. 203.]
 [692. 566.]
 [582. 566.]]","[[-4.109741    5.732158   -5.59769   ]
 [-4.110015    5.733379   -7.412353  ]
 [-2.2953532   5.7336354  -7.4126267 ]
 [-2.2950792   5.732415   -5.597964  ]
 [-4.1089153  -0.11206124 -5.6016216 ]
 [-4.109189   -0.11084079 -7.4162836 ]
 [-2.294527   -0.11058422 -7.4165573 ]
 [-2.294253   -0.11180467 -5.6018953 ]]",7.2672303832992355,"2F31CEE0
0.999796 0.020217 0.000156 -2.998859
-0.020200 0.999213 -0.034136 2.833330
-0.000846 0.034125 0.999417 2.000505
0.000000 0.000000 0.000000 1.000000
"
2,Person,Person,8,[-6.68715286  2.86187077 -8.97604847],[2.0927763  5.74970007 2.0927763 ],"[[423. 248.]
 [525. 248.]
 [525. 526.]
 [423. 526.]]","[[ -7.733007     5.7145886   -7.927583  ]
 [ -7.733323     5.7159963  -10.020359  ]
 [ -5.640547     5.7162924  -10.020675  ]
 [ -5.6402307    5.7148843   -7.927899  ]
 [ -7.7321935   -0.03511003  -7.931451  ]
 [ -7.7325096   -0.03370244 -10.024226  ]
 [ -5.6397343   -0.03340618 -10.024542  ]
 [ -5.639418    -0.03481397  -7.9317665 ]]",11.193188086273205,"2F31CEE0
0.999796 0.020217 0.000156 -2.998859
-0.020200 0.999213 -0.034136 2.833330
-0.000846 0.034125 0.999417 2.000505
0.000000 0.000000 0.000000 1.000000
"
3,Person,Person,6,[-1.31869805  2.9283843  -9.24590969],[1.81316841 6.23928356 1.813169  ],"[[697. 232.]
 [785. 232.]
 [785. 525.]
 [697. 525.]]","[[ -2.2275293    6.0292897   -8.338693  ]
 [ -2.2278032    6.0305095  -10.151861  ]
 [ -0.41463482   6.030766   -10.152135  ]
 [ -0.41436085   6.0295463   -8.338965  ]
 [ -2.2266474   -0.20999238  -8.34289   ]
 [ -2.2269213   -0.20877272 -10.156057  ]
 [ -0.41375268  -0.20851654 -10.156331  ]
 [ -0.4134791   -0.20973581  -8.3431635 ]]",9.33947592506354,"2F31CEE0
0.999796 0.020217 0.000156 -2.998859
-0.020200 0.999213 -0.034136 2.833330
-0.000846 0.034125 0.999417 2.000505
0.000000 0.000000 0.000000 1.000000
"
4,Person,Person,4,[ 7.10208845  4.2316041  -9.96723366],[1.8754425  3.33918786 1.87544394],"[[1054.  241.]
 [1138.  241.]
 [1138.  386.]
 [1054.  386.]]","[[  6.1805944   5.8820214  -9.035744 ]
 [  6.1803117   5.883283  -10.911187 ]
 [  8.055754    5.8835483 -10.911469 ]
 [  8.056037    5.8822865  -9.036027 ]
 [  6.1810665   2.5428343  -9.037991 ]
 [  6.1807833   2.5440955 -10.913433 ]
 [  8.056226    2.5443609 -10.913715 ]
 [  8.056509    2.5430996  -9.038274 ]]",12.238684862403325,"2F31CEE0
0.999796 0.020217 0.000156 -2.998859
-0.020200 0.999213 -0.034136 2.833330
-0.000846 0.034125 0.999417 2.000505
0.000000 0.000000 0.000000 1.000000
"
